x,time,value
1,799999,9.964005
2,799999,9.928122
3,799999,9.892339
4,799999,9.856655
5,799999,9.821071
6,799999,9.785585
7,799999,9.750198
8,799999,9.714909
9,799999,9.679719
10,799999,9.644627
11,799999,9.609632
12,799999,9.574735
13,799999,9.539936
14,799999,9.505234
15,799999,9.470629
16,799999,9.436120
17,799999,9.401708
18,799999,9.367393
19,799999,9.333173
20,799999,9.299049
21,799999,9.265022
22,799999,9.231089
23,799999,9.197252
24,799999,9.163510
25,799999,9.129862
26,799999,9.096310
27,799999,9.062851
28,799999,9.029487
29,799999,8.996217
30,799999,8.963040
31,799999,8.929957
32,799999,8.896967
33,799999,8.864071
34,799999,8.831267
35,799999,8.798556
36,799999,8.765937
37,799999,8.733411
38,799999,8.700976
39,799999,8.668634
40,799999,8.636383
41,799999,8.604223
42,799999,8.572154
43,799999,8.540177
44,799999,8.508290
45,799999,8.476493
46,799999,8.444787
47,799999,8.413171
48,799999,8.381645
49,799999,8.350208
50,799999,8.318861
51,799999,8.287603
52,799999,8.256434
53,799999,8.225354
54,799999,8.194362
55,799999,8.163459
56,799999,8.132644
57,799999,8.101917
58,799999,8.071277
59,799999,8.040725
60,799999,8.010260
61,799999,7.979882
62,799999,7.949591
63,799999,7.919387
64,799999,7.889269
65,799999,7.859237
66,799999,7.829292
67,799999,7.799432
68,799999,7.769657
69,799999,7.739968
70,799999,7.710364
71,799999,7.680845
72,799999,7.651411
73,799999,7.622061
74,799999,7.592795
75,799999,7.563614
76,799999,7.534516
77,799999,7.505502
78,799999,7.476571
79,799999,7.447724
80,799999,7.418959
81,799999,7.390277
82,799999,7.361678
83,799999,7.333161
84,799999,7.304726
85,799999,7.276373
86,799999,7.248102
87,799999,7.219912
88,799999,7.191804
89,799999,7.163776
90,799999,7.135830
91,799999,7.107964
92,799999,7.080178
93,799999,7.052473
94,799999,7.024847
95,799999,6.997302
96,799999,6.969836
97,799999,6.942449
98,799999,6.915141
99,799999,6.887913
100,799999,6.860763
101,799999,6.833691
102,799999,6.806698
103,799999,6.779783
104,799999,6.752945
105,799999,6.726186
106,799999,6.699503
107,799999,6.672898
108,799999,6.646370
109,799999,6.619919
110,799999,6.593544
111,799999,6.567246
112,799999,6.541024
113,799999,6.514877
114,799999,6.488807
115,799999,6.462812
116,799999,6.436892
117,799999,6.411047
118,799999,6.385278
119,799999,6.359583
120,799999,6.333962
121,799999,6.308415
122,799999,6.282943
123,799999,6.257544
124,799999,6.232220
125,799999,6.206968
126,799999,6.181790
127,799999,6.156684
128,799999,6.131651
129,799999,6.106691
130,799999,6.081803
131,799999,6.056988
132,799999,6.032244
133,799999,6.007572
134,799999,5.982971
135,799999,5.958442
136,799999,5.933984
137,799999,5.909597
138,799999,5.885280
139,799999,5.861034
140,799999,5.836858
141,799999,5.812752
142,799999,5.788715
143,799999,5.764749
144,799999,5.740852
145,799999,5.717024
146,799999,5.693265
147,799999,5.669574
148,799999,5.645952
149,799999,5.622399
150,799999,5.598914
151,799999,5.575496
152,799999,5.552147
153,799999,5.528865
154,799999,5.505650
155,799999,5.482502
156,799999,5.459421
157,799999,5.436407
158,799999,5.413459
159,799999,5.390577
160,799999,5.367762
161,799999,5.345012
162,799999,5.322328
163,799999,5.299710
164,799999,5.277156
165,799999,5.254668
166,799999,5.232244
167,799999,5.209885
168,799999,5.187590
169,799999,5.165360
170,799999,5.143193
171,799999,5.121091
172,799999,5.099051
173,799999,5.077075
174,799999,5.055163
175,799999,5.033313
176,799999,5.011526
177,799999,4.989801
178,799999,4.968138
179,799999,4.946538
180,799999,4.925000
181,799999,4.903523
182,799999,4.882108
183,799999,4.860754
184,799999,4.839461
185,799999,4.818229
186,799999,4.797058
187,799999,4.775947
188,799999,4.754896
189,799999,4.733905
190,799999,4.712974
191,799999,4.692103
192,799999,4.671291
193,799999,4.650539
194,799999,4.629845
195,799999,4.609210
196,799999,4.588634
197,799999,4.568116
198,799999,4.547657
199,799999,4.527255
200,799999,4.506911
201,799999,4.486625
202,799999,4.466396
203,799999,4.446224
204,799999,4.426109
205,799999,4.406051
206,799999,4.386049
207,799999,4.366104
208,799999,4.346215
209,799999,4.326382
210,799999,4.306604
211,799999,4.286882
212,799999,4.267216
213,799999,4.247604
214,799999,4.228048
215,799999,4.208546
216,799999,4.189099
217,799999,4.169705
218,799999,4.150367
219,799999,4.131082
220,799999,4.111850
221,799999,4.092672
222,799999,4.073548
223,799999,4.054477
224,799999,4.035458
225,799999,4.016492
226,799999,3.997579
227,799999,3.978718
228,799999,3.959909
229,799999,3.941152
230,799999,3.922446
231,799999,3.903792
232,799999,3.885190
233,799999,3.866638
234,799999,3.848137
235,799999,3.829687
236,799999,3.811288
237,799999,3.792938
238,799999,3.774639
239,799999,3.756390
240,799999,3.738190
241,799999,3.720040
242,799999,3.701939
243,799999,3.683887
244,799999,3.665884
245,799999,3.647930
246,799999,3.630024
247,799999,3.612166
248,799999,3.594357
249,799999,3.576595
250,799999,3.558881
