x,time,value
751,799999,-3.214483
752,799999,-3.231083
753,799999,-3.247722
754,799999,-3.264402
755,799999,-3.281121
756,799999,-3.297882
757,799999,-3.314682
758,799999,-3.331524
759,799999,-3.348406
760,799999,-3.365330
761,799999,-3.382295
762,799999,-3.399301
763,799999,-3.416348
764,799999,-3.433438
765,799999,-3.450569
766,799999,-3.467742
767,799999,-3.484957
768,799999,-3.502215
769,799999,-3.519515
770,799999,-3.536858
771,799999,-3.554244
772,799999,-3.571673
773,799999,-3.589145
774,799999,-3.606660
775,799999,-3.624219
776,799999,-3.641821
777,799999,-3.659467
778,799999,-3.677157
779,799999,-3.694892
780,799999,-3.712670
781,799999,-3.730493
782,799999,-3.748361
783,799999,-3.766273
784,799999,-3.784230
785,799999,-3.802233
786,799999,-3.820280
787,799999,-3.838373
788,799999,-3.856512
789,799999,-3.874696
790,799999,-3.892927
791,799999,-3.911203
792,799999,-3.929526
793,799999,-3.947895
794,799999,-3.966310
795,799999,-3.984772
796,799999,-4.003281
797,799999,-4.021838
798,799999,-4.040441
799,799999,-4.059091
800,799999,-4.077790
801,799999,-4.096536
802,799999,-4.115329
803,799999,-4.134171
804,799999,-4.153061
805,799999,-4.171999
806,799999,-4.190986
807,799999,-4.210021
808,799999,-4.229105
809,799999,-4.248238
810,799999,-4.267420
811,799999,-4.286652
812,799999,-4.305933
813,799999,-4.325264
814,799999,-4.344644
815,799999,-4.364074
816,799999,-4.383555
817,799999,-4.403085
818,799999,-4.422667
819,799999,-4.442298
820,799999,-4.461981
821,799999,-4.481714
822,799999,-4.501499
823,799999,-4.521334
824,799999,-4.541221
825,799999,-4.561160
826,799999,-4.581150
827,799999,-4.601193
828,799999,-4.621287
829,799999,-4.641433
830,799999,-4.661632
831,799999,-4.681884
832,799999,-4.702188
833,799999,-4.722545
834,799999,-4.742954
835,799999,-4.763418
836,799999,-4.783934
837,799999,-4.804504
838,799999,-4.825128
839,799999,-4.845805
840,799999,-4.866537
841,799999,-4.887322
842,799999,-4.908162
843,799999,-4.929056
844,799999,-4.950005
845,799999,-4.971009
846,799999,-4.992068
847,799999,-5.013182
848,799999,-5.034351
849,799999,-5.055575
850,799999,-5.076856
851,799999,-5.098192
852,799999,-5.119584
853,799999,-5.141032
854,799999,-5.162536
855,799999,-5.184096
856,799999,-5.205714
857,799999,-5.227388
858,799999,-5.249118
859,799999,-5.270906
860,799999,-5.292752
861,799999,-5.314654
862,799999,-5.336614
863,799999,-5.358632
864,799999,-5.380708
865,799999,-5.402841
866,799999,-5.425033
867,799999,-5.447284
868,799999,-5.469593
869,799999,-5.491960
870,799999,-5.514386
871,799999,-5.536872
872,799999,-5.559416
873,799999,-5.582020
874,799999,-5.604683
875,799999,-5.627406
876,799999,-5.650189
877,799999,-5.673032
878,799999,-5.695935
879,799999,-5.718898
880,799999,-5.741922
881,799999,-5.765007
882,799999,-5.788152
883,799999,-5.811358
884,799999,-5.834625
885,799999,-5.857954
886,799999,-5.881344
887,799999,-5.904795
888,799999,-5.928309
889,799999,-5.951884
890,799999,-5.975521
891,799999,-5.999221
892,799999,-6.022983
893,799999,-6.046808
894,799999,-6.070695
895,799999,-6.094645
896,799999,-6.118659
897,799999,-6.142735
898,799999,-6.166875
899,799999,-6.191079
900,799999,-6.215346
901,799999,-6.239677
902,799999,-6.264072
903,799999,-6.288532
904,799999,-6.313055
905,799999,-6.337644
906,799999,-6.362297
907,799999,-6.387014
908,799999,-6.411797
909,799999,-6.436645
910,799999,-6.461559
911,799999,-6.486538
912,799999,-6.511582
913,799999,-6.536692
914,799999,-6.561869
915,799999,-6.587111
916,799999,-6.612420
917,799999,-6.637796
918,799999,-6.663238
919,799999,-6.688746
920,799999,-6.714322
921,799999,-6.739965
922,799999,-6.765675
923,799999,-6.791453
924,799999,-6.817298
925,799999,-6.843211
926,799999,-6.869192
927,799999,-6.895241
928,799999,-6.921359
929,799999,-6.947544
930,799999,-6.973799
931,799999,-7.000122
932,799999,-7.026514
933,799999,-7.052975
934,799999,-7.079506
935,799999,-7.106105
936,799999,-7.132775
937,799999,-7.159514
938,799999,-7.186323
939,799999,-7.213202
940,799999,-7.240151
941,799999,-7.267171
942,799999,-7.294261
943,799999,-7.321422
944,799999,-7.348654
945,799999,-7.375957
946,799999,-7.403331
947,799999,-7.430777
948,799999,-7.458294
949,799999,-7.485882
950,799999,-7.513543
951,799999,-7.541275
952,799999,-7.569080
953,799999,-7.596957
954,799999,-7.624907
955,799999,-7.652929
956,799999,-7.681024
957,799999,-7.709192
958,799999,-7.737433
959,799999,-7.765748
960,799999,-7.794136
961,799999,-7.822597
962,799999,-7.851133
963,799999,-7.879742
964,799999,-7.908426
965,799999,-7.937184
966,799999,-7.966016
967,799999,-7.994923
968,799999,-8.023905
969,799999,-8.052961
970,799999,-8.082093
971,799999,-8.111300
972,799999,-8.140583
973,799999,-8.169941
974,799999,-8.199375
975,799999,-8.228884
976,799999,-8.258470
977,799999,-8.288132
978,799999,-8.317871
979,799999,-8.347686
980,799999,-8.377578
981,799999,-8.407547
982,799999,-8.437592
983,799999,-8.467716
984,799999,-8.497916
985,799999,-8.528194
986,799999,-8.558550
987,799999,-8.588983
988,799999,-8.619495
989,799999,-8.650085
990,799999,-8.680753
991,799999,-8.711500
992,799999,-8.742325
993,799999,-8.773230
994,799999,-8.804213
995,799999,-8.835275
996,799999,-8.866417
997,799999,-8.897639
998,799999,-8.928940
