x,time,value
501,799999,0.109903
502,799999,0.098181
503,799999,0.086461
504,799999,0.074741
505,799999,0.063022
506,799999,0.051304
507,799999,0.039586
508,799999,0.027869
509,799999,0.016151
510,799999,0.004434
511,799999,-0.007284
512,799999,-0.019002
513,799999,-0.030721
514,799999,-0.042440
515,799999,-0.054161
516,799999,-0.065882
517,799999,-0.077605
518,799999,-0.089329
519,799999,-0.101055
520,799999,-0.112783
521,799999,-0.124512
522,799999,-0.136244
523,799999,-0.147978
524,799999,-0.159714
525,799999,-0.171453
526,799999,-0.183195
527,799999,-0.194940
528,799999,-0.206688
529,799999,-0.218439
530,799999,-0.230193
531,799999,-0.241952
532,799999,-0.253714
533,799999,-0.265480
534,799999,-0.277250
535,799999,-0.289024
536,799999,-0.300803
537,799999,-0.312587
538,799999,-0.324375
539,799999,-0.336168
540,799999,-0.347967
541,799999,-0.359771
542,799999,-0.371580
543,799999,-0.383395
544,799999,-0.395215
545,799999,-0.407042
546,799999,-0.418875
547,799999,-0.430714
548,799999,-0.442560
549,799999,-0.454412
550,799999,-0.466271
551,799999,-0.478137
552,799999,-0.490011
553,799999,-0.501891
554,799999,-0.513779
555,799999,-0.525675
556,799999,-0.537578
557,799999,-0.549490
558,799999,-0.561409
559,799999,-0.573337
560,799999,-0.585274
561,799999,-0.597219
562,799999,-0.609173
563,799999,-0.621136
564,799999,-0.633108
565,799999,-0.645089
566,799999,-0.657080
567,799999,-0.669080
568,799999,-0.681091
569,799999,-0.693111
570,799999,-0.705141
571,799999,-0.717182
572,799999,-0.729233
573,799999,-0.741295
574,799999,-0.753368
575,799999,-0.765452
576,799999,-0.777546
577,799999,-0.789652
578,799999,-0.801770
579,799999,-0.813899
580,799999,-0.826040
581,799999,-0.838193
582,799999,-0.850358
583,799999,-0.862536
584,799999,-0.874726
585,799999,-0.886928
586,799999,-0.899143
587,799999,-0.911372
588,799999,-0.923613
589,799999,-0.935868
590,799999,-0.948136
591,799999,-0.960417
592,799999,-0.972713
593,799999,-0.985022
594,799999,-0.997346
595,799999,-1.009684
596,799999,-1.022036
597,799999,-1.034403
598,799999,-1.046785
599,799999,-1.059181
600,799999,-1.071593
601,799999,-1.084020
602,799999,-1.096462
603,799999,-1.108920
604,799999,-1.121394
605,799999,-1.133884
606,799999,-1.146389
607,799999,-1.158911
608,799999,-1.171450
609,799999,-1.184005
610,799999,-1.196576
611,799999,-1.209165
612,799999,-1.221771
613,799999,-1.234394
614,799999,-1.247034
615,799999,-1.259692
616,799999,-1.272367
617,799999,-1.285061
618,799999,-1.297772
619,799999,-1.310502
620,799999,-1.323250
621,799999,-1.336017
622,799999,-1.348802
623,799999,-1.361607
624,799999,-1.374430
625,799999,-1.387272
626,799999,-1.400134
627,799999,-1.413016
628,799999,-1.425917
629,799999,-1.438838
630,799999,-1.451778
631,799999,-1.464739
632,799999,-1.477721
633,799999,-1.490723
634,799999,-1.503745
635,799999,-1.516789
636,799999,-1.529853
637,799999,-1.542939
638,799999,-1.556046
639,799999,-1.569174
640,799999,-1.582324
641,799999,-1.595496
642,799999,-1.608689
643,799999,-1.621905
644,799999,-1.635144
645,799999,-1.648404
646,799999,-1.661687
647,799999,-1.674993
648,799999,-1.688322
649,799999,-1.701675
650,799999,-1.715050
651,799999,-1.728449
652,799999,-1.741871
653,799999,-1.755317
654,799999,-1.768787
655,799999,-1.782281
656,799999,-1.795800
657,799999,-1.809343
658,799999,-1.822910
659,799999,-1.836502
660,799999,-1.850119
661,799999,-1.863761
662,799999,-1.877428
663,799999,-1.891121
664,799999,-1.904839
665,799999,-1.918583
666,799999,-1.932353
667,799999,-1.946149
668,799999,-1.959971
669,799999,-1.973819
670,799999,-1.987694
671,799999,-2.001595
672,799999,-2.015524
673,799999,-2.029479
674,799999,-2.043462
675,799999,-2.057471
676,799999,-2.071509
677,799999,-2.085574
678,799999,-2.099667
679,799999,-2.113787
680,799999,-2.127936
681,799999,-2.142114
682,799999,-2.156319
683,799999,-2.170554
684,799999,-2.184817
685,799999,-2.199109
686,799999,-2.213430
687,799999,-2.227780
688,799999,-2.242160
689,799999,-2.256570
690,799999,-2.271009
691,799999,-2.285478
692,799999,-2.299977
693,799999,-2.314506
694,799999,-2.329066
695,799999,-2.343657
696,799999,-2.358278
697,799999,-2.372930
698,799999,-2.387613
699,799999,-2.402327
700,799999,-2.417073
701,799999,-2.431850
702,799999,-2.446659
703,799999,-2.461499
704,799999,-2.476372
705,799999,-2.491277
706,799999,-2.506214
707,799999,-2.521184
708,799999,-2.536187
709,799999,-2.551222
710,799999,-2.566290
711,799999,-2.581391
712,799999,-2.596526
713,799999,-2.611694
714,799999,-2.626896
715,799999,-2.642132
716,799999,-2.657401
717,799999,-2.672705
718,799999,-2.688043
719,799999,-2.703415
720,799999,-2.718822
721,799999,-2.734264
722,799999,-2.749741
723,799999,-2.765253
724,799999,-2.780800
725,799999,-2.796382
726,799999,-2.812000
727,799999,-2.827654
728,799999,-2.843343
729,799999,-2.859069
730,799999,-2.874831
731,799999,-2.890629
732,799999,-2.906464
733,799999,-2.922336
734,799999,-2.938244
735,799999,-2.954190
736,799999,-2.970172
737,799999,-2.986192
738,799999,-3.002250
739,799999,-3.018345
740,799999,-3.034478
741,799999,-3.050649
742,799999,-3.066858
743,799999,-3.083105
744,799999,-3.099391
745,799999,-3.115716
746,799999,-3.132079
747,799999,-3.148481
748,799999,-3.164923
749,799999,-3.181403
750,799999,-3.197923
