x,time,value
251,799999,3.541215
252,799999,3.523595
253,799999,3.506023
254,799999,3.488498
255,799999,3.471019
256,799999,3.453587
257,799999,3.436202
258,799999,3.418862
259,799999,3.401568
260,799999,3.384320
261,799999,3.367117
262,799999,3.349960
263,799999,3.332848
264,799999,3.315780
265,799999,3.298758
266,799999,3.281780
267,799999,3.264846
268,799999,3.247956
269,799999,3.231110
270,799999,3.214308
271,799999,3.197549
272,799999,3.180834
273,799999,3.164162
274,799999,3.147533
275,799999,3.130946
276,799999,3.114403
277,799999,3.097901
278,799999,3.081442
279,799999,3.065024
280,799999,3.048648
281,799999,3.032314
282,799999,3.016021
283,799999,2.999770
284,799999,2.983559
285,799999,2.967389
286,799999,2.951260
287,799999,2.935171
288,799999,2.919123
289,799999,2.903114
290,799999,2.887145
291,799999,2.871216
292,799999,2.855326
293,799999,2.839475
294,799999,2.823664
295,799999,2.807891
296,799999,2.792157
297,799999,2.776461
298,799999,2.760804
299,799999,2.745185
300,799999,2.729603
301,799999,2.714059
302,799999,2.698553
303,799999,2.683084
304,799999,2.667652
305,799999,2.652257
306,799999,2.636899
307,799999,2.621577
308,799999,2.606292
309,799999,2.591043
310,799999,2.575829
311,799999,2.560652
312,799999,2.545510
313,799999,2.530403
314,799999,2.515332
315,799999,2.500295
316,799999,2.485294
317,799999,2.470326
318,799999,2.455394
319,799999,2.440495
320,799999,2.425631
321,799999,2.410801
322,799999,2.396004
323,799999,2.381240
324,799999,2.366510
325,799999,2.351813
326,799999,2.337149
327,799999,2.322518
328,799999,2.307919
329,799999,2.293352
330,799999,2.278818
331,799999,2.264315
332,799999,2.249845
333,799999,2.235405
334,799999,2.220998
335,799999,2.206621
336,799999,2.192275
337,799999,2.177961
338,799999,2.163677
339,799999,2.149423
340,799999,2.135199
341,799999,2.121006
342,799999,2.106842
343,799999,2.092709
344,799999,2.078604
345,799999,2.064529
346,799999,2.050483
347,799999,2.036466
348,799999,2.022478
349,799999,2.008519
350,799999,1.994587
351,799999,1.980684
352,799999,1.966809
353,799999,1.952962
354,799999,1.939142
355,799999,1.925350
356,799999,1.911585
357,799999,1.897848
358,799999,1.884137
359,799999,1.870452
360,799999,1.856795
361,799999,1.843163
362,799999,1.829558
363,799999,1.815979
364,799999,1.802425
365,799999,1.788897
366,799999,1.775395
367,799999,1.761917
368,799999,1.748465
369,799999,1.735038
370,799999,1.721635
371,799999,1.708257
372,799999,1.694903
373,799999,1.681573
374,799999,1.668267
375,799999,1.654985
376,799999,1.641726
377,799999,1.628491
378,799999,1.615279
379,799999,1.602090
380,799999,1.588923
381,799999,1.575780
382,799999,1.562659
383,799999,1.549560
384,799999,1.536483
385,799999,1.523428
386,799999,1.510395
387,799999,1.497384
388,799999,1.484393
389,799999,1.471424
390,799999,1.458476
391,799999,1.445549
392,799999,1.432643
393,799999,1.419756
394,799999,1.406891
395,799999,1.394045
396,799999,1.381219
397,799999,1.368413
398,799999,1.355626
399,799999,1.342859
400,799999,1.330111
401,799999,1.317382
402,799999,1.304672
403,799999,1.291981
404,799999,1.279308
405,799999,1.266653
406,799999,1.254016
407,799999,1.241397
408,799999,1.228796
409,799999,1.216213
410,799999,1.203647
411,799999,1.191098
412,799999,1.178566
413,799999,1.166051
414,799999,1.153553
415,799999,1.141071
416,799999,1.128606
417,799999,1.116156
418,799999,1.103723
419,799999,1.091305
420,799999,1.078903
421,799999,1.066517
422,799999,1.054145
423,799999,1.041789
424,799999,1.029447
425,799999,1.017121
426,799999,1.004808
427,799999,0.992510
428,799999,0.980227
429,799999,0.967957
430,799999,0.955701
431,799999,0.943459
432,799999,0.931230
433,799999,0.919014
434,799999,0.906812
435,799999,0.894622
436,799999,0.882445
437,799999,0.870281
438,799999,0.858129
439,799999,0.845990
440,799999,0.833862
441,799999,0.821746
442,799999,0.809642
443,799999,0.797550
444,799999,0.785469
445,799999,0.773399
446,799999,0.761340
447,799999,0.749291
448,799999,0.737254
449,799999,0.725227
450,799999,0.713210
451,799999,0.701203
452,799999,0.689206
453,799999,0.677219
454,799999,0.665242
455,799999,0.653274
456,799999,0.641315
457,799999,0.629365
458,799999,0.617424
459,799999,0.605492
460,799999,0.593568
461,799999,0.581653
462,799999,0.569746
463,799999,0.557847
464,799999,0.545955
465,799999,0.534072
466,799999,0.522196
467,799999,0.510327
468,799999,0.498465
469,799999,0.486610
470,799999,0.474762
471,799999,0.462921
472,799999,0.451086
473,799999,0.439258
474,799999,0.427435
475,799999,0.415619
476,799999,0.403808
477,799999,0.392003
478,799999,0.380203
479,799999,0.368408
480,799999,0.356619
481,799999,0.344834
482,799999,0.333054
483,799999,0.321279
484,799999,0.309508
485,799999,0.297741
486,799999,0.285978
487,799999,0.274219
488,799999,0.262464
489,799999,0.250712
490,799999,0.238964
491,799999,0.227219
492,799999,0.215476
493,799999,0.203737
494,799999,0.192000
495,799999,0.180266
496,799999,0.168534
497,799999,0.156804
498,799999,0.145076
499,799999,0.133350
500,799999,0.121626
